1.093379246484171563e-01 1.699317090109381256e-01 2.357196597025290885e-01 4.850107066381156296e-01
8.950559229088593527e-02 1.135965737270846349e-01 2.555380319187417482e-01 5.413598020632877095e-01
5.897502676736985500e-02 5.715195184767195985e-02 2.860636050583094669e-01 5.978094163266487460e-01
3.658960039352990301e-02 3.517173529326658721e-02 3.084435313521803335e-01 6.197951329610231763e-01
3.117946640430580355e-02 2.908154407083743398e-02 3.138636495167544394e-01 6.258753400081022988e-01
4.699346026969153378e-02 3.806643903003645996e-02 2.980785925111407164e-01 6.168615081891313245e-01
6.661361498951023918e-02 4.786225855458293987e-02 2.784489618751356255e-01 6.070751645807711538e-01
9.349905227670626817e-02 7.500759625540781572e-02 2.515156338170821959e-01 5.799777176508037480e-01
1.044894888377678466e-01 7.883733379631639726e-02 2.405486349233907639e-01 5.761245424425249784e-01
1.323503877763630154e-01 6.560365783076745061e-02 2.126837596944090858e-01 5.893621946984605176e-01
1.543302757602939834e-01 5.862438149252003489e-02 1.907173239966434286e-01 5.963280187505425323e-01
1.692855282576612441e-01 4.615562693520849913e-02 1.757096970223109567e-01 6.088491477848192446e-01
1.724611889983651003e-01 3.938249634677431360e-02 1.725624665422399728e-01 6.155938481126206341e-01
1.780748585731440903e-01 3.676374842658101244e-02 1.669777334085680853e-01 6.181836595917068466e-01
1.843921353028834254e-01 3.297212054572548623e-02 1.606649401756391204e-01 6.219708039757519957e-01
1.918341363195740501e-01 3.337818481704935003e-02 1.532184556621381255e-01 6.215692232012385299e-01
1.989496223849069600e-01 3.151132845279087935e-02 1.460979773720304520e-01 6.234410717902717503e-01
2.088198272494465879e-01 3.329137549372802873e-02 1.362038282911584575e-01 6.216849689656669398e-01
2.093665904684741952e-01 3.242281316010300896e-02 1.356954772996903924e-01 6.225151190717324035e-01
2.139818860499435871e-01 3.071558783529616116e-02 1.310801817182210005e-01 6.242223443965392304e-01
2.173623670693771159e-01 2.828618968386023211e-02 1.276712725168197837e-01 6.266801707299428648e-01
2.184556621381136265e-01 3.090411910239159593e-02 1.265679934024914188e-01 6.240722253570033518e-01
2.229086489771116009e-01 2.934112676871437203e-02 1.221389507798258112e-01 6.256112734743481951e-01
2.214650520132528944e-01 3.201817208501526318e-02 1.235730717479057300e-01 6.229437041538261610e-01
2.308404589319559552e-01 2.974666145810726803e-02 1.141831966086491040e-01 6.252296830012876727e-01
2.290319313627617037e-01 2.636109784857560215e-02 1.159917241778433694e-01 6.286152466108193559e-01
2.355358150436204223e-01 2.481228027025854030e-02 1.095067926329952729e-01 6.301451120531257333e-01
2.382158048554645635e-01 2.515987152406030242e-02 1.068317949014728485e-01 6.297925287190022647e-01
2.384837962962962910e-01 2.789351851851851888e-02 1.065682870370370378e-01 6.270543981481481177e-01
2.387910704726630973e-01 2.553567036560135464e-02 1.062660050058594624e-01 6.294072541558760614e-01
2.401765046296296391e-01 2.278645833333333218e-02 1.048755787037037035e-01 6.321614583333333703e-01
2.410874471902309246e-01 2.313501938769604860e-02 1.039701371607153202e-01 6.318073962613577343e-01
2.439885413351080834e-01 2.372753841256980759e-02 1.010735264330565181e-01 6.312103938192655805e-01
2.464120370370370405e-01 2.533275462962962868e-02 9.864004629629630205e-02 6.296151620370370461e-01
2.444479810182438873e-01 2.449398862830770227e-02 1.005946266583717941e-01 6.304634036950765852e-01
2.442344975259700679e-01 2.385775051361439802e-02 1.008131022309673303e-01 6.310946497294481761e-01
2.477827452001678255e-01 2.562321860034434337e-02 9.725537856099078504e-02 6.293386576384970565e-01
2.442090947234399623e-01 2.448022917661356671e-02 1.008434972582721995e-01 6.304671788416742473e-01
2.462853918604146486e-01 2.420463259017057583e-02 9.875721581620104661e-02 6.307527597332137637e-01
2.472727798836771851e-01 2.453774704129170481e-02 9.778928788448740250e-02 6.304001851905437492e-01
2.458729400870987014e-01 2.369894526672164728e-02 9.916518367405992296e-02 6.312629309721197179e-01
2.476453652396591321e-01 2.518844311983680154e-02 9.739724243695654926e-02 6.297689492035475345e-01
2.473126057958014434e-01 2.356804930626889977e-02 9.774446968272110237e-02 6.313748752152085197e-01
2.466036835023654727e-01 2.310507964524949678e-02 9.843892417425020858e-02 6.318523126781347976e-01
2.498046818484331022e-01 2.531901964755924744e-02 9.522844989727712040e-02 6.296478486067305091e-01
2.471389921729191808e-01 2.446505302449398719e-02 9.791808330560337892e-02 6.304778714969834219e-01
2.481626157407407496e-01 2.459490740740740908e-02 9.688946759259259300e-02 6.303530092592593004e-01
2.489329996093693487e-01 2.300380503190150444e-02 9.612407586915319713e-02 6.319391194895759289e-01
2.496961629723942477e-01 2.417674633948723936e-02 9.533248451878002794e-02 6.307946061693384676e-01
2.509584918763292372e-01 2.394421215584716101e-02 9.409858360219332252e-02 6.309987123656303210e-01
2.504484953703703942e-01 2.320601851851851818e-02 9.460358796296296224e-02 6.317418981481481843e-01
2.489184692179700620e-01 2.306301092382261400e-02 9.611517036822686544e-02 6.319033494899805037e-01
2.499276620370370350e-01 2.254050925925926013e-02 9.512442129629629373e-02 6.324074074074074181e-01
2.510597664896772052e-01 2.314848305097006592e-02 9.398284118693846223e-02 6.318089092724142875e-01
2.538738660532141034e-01 2.456703849993489147e-02 9.116425770794449324e-02 6.303948377389064772e-01
2.507559426496332455e-01 2.319188645669063506e-02 9.430113282888930026e-02 6.317510380647868296e-01
2.507125392439126799e-01 2.264210998423009727e-02 9.434453623460987981e-02 6.323008145372474020e-01
2.519567702079023030e-01 2.252636756897524392e-02 9.310030527062022887e-02 6.324165569525022068e-01
2.535518967562718773e-01 2.446540698515582007e-02 9.148123498943834531e-02 6.305014612691339781e-01
2.531394675925925930e-01 2.191840277777777624e-02 9.191261574074073570e-02 6.330295138888888395e-01
2.533312113890536788e-01 2.235275394609297084e-02 9.171139628756203033e-02 6.326046383772913062e-01
2.516421192742845370e-01 2.174542087444659988e-02 9.341994849388003674e-02 6.331925113573888542e-01
2.553567036560135395e-01 2.401655116538144522e-02 8.968590402060215572e-02 6.309408411580028631e-01
2.529839841432890979e-01 2.135447561451988760e-02 9.207309133523343403e-02 6.335884489069575354e-01
2.541848117015581554e-01 2.314848305097006592e-02 9.087226377696436264e-02 6.317944414705073397e-01
2.528755588350188876e-01 2.200616346195581260e-02 9.217703314669328796e-02 6.329412445563320500e-01
2.541087962962962910e-01 2.229456018518518462e-02 9.094328703703703776e-02 6.326533564814814659e-01
2.566877414314442940e-01 2.348124249482776149e-02 8.835486624517137344e-02 6.314761498285565988e-01
2.543981481481481510e-01 2.184606481481481469e-02 9.065393518518519156e-02 6.331018518518518601e-01
2.546730324074074070e-01 2.255497685185185036e-02 9.037905092592592171e-02 6.323929398148148140e-01
2.543476373737665885e-01 2.261350154807720281e-02 9.069996238317080961e-02 6.323388986949853852e-01
2.550347222222222321e-01 2.255497685185185036e-02 9.001736111111111049e-02 6.323929398148148140e-01
2.545283564814814770e-01 2.252604166666666644e-02 9.052372685185185175e-02 6.324218750000000222e-01
2.562210648148148251e-01 2.238136574074073987e-02 8.883101851851851749e-02 6.325665509259259522e-01
2.557547347251761249e-01 2.177467193309894772e-02 8.928338903598245779e-02 6.331872043057424904e-01
2.563223379629629428e-01 2.298900462962963007e-02 8.872974537037037202e-02 6.319589120370370239e-01
2.545862268518518379e-01 2.019675925925925805e-02 9.046585648148147696e-02 6.347511574074073959e-01
2.566732736295374573e-01 2.269998119185752047e-02 8.838380184898508851e-02 6.322429433296199441e-01
2.553785609907837650e-01 2.167339438922406825e-02 8.967403099092842444e-02 6.332740136290637700e-01
2.566480511588877245e-01 2.252669348071414251e-02 8.839954859804971532e-02 6.324257067623484385e-01
2.568431712962963021e-01 2.225115740740740700e-02 8.820891203703704053e-02 6.326967592592592782e-01
2.563802083333333592e-01 2.112268518518518531e-02 8.867187499999999722e-02 6.338252314814815103e-01
2.543439575225335814e-01 2.096384496303476536e-02 9.071311795598895056e-02 6.339790795584426819e-01
2.582180681752416218e-01 2.241159789339660854e-02 8.682504774581861762e-02 6.325452861855431763e-01
2.570531554732486401e-01 2.186116496426401129e-02 8.800891229491594747e-02 6.330767672675714497e-01
2.535374287450447017e-01 2.021181168436586573e-02 9.149570300066553474e-02 6.347550565699239256e-01
2.576822916666666741e-01 2.168692129629629789e-02 8.736979166666666852e-02 6.332609953703703942e-01
2.587748488092826982e-01 2.340924216557192100e-02 8.627275094765474162e-02 6.315431580774906184e-01
2.569878472222222321e-01 2.220775462962962937e-02 8.806423611111111049e-02 6.327401620370370905e-01
2.561053240740740478e-01 2.220775462962962937e-02 8.894675925925925319e-02 6.327401620370370905e-01
2.591327999537030302e-01 2.199105889842156367e-02 8.590980772291265111e-02 6.329663334249627793e-01
2.571147474572102465e-01 2.106572912597479488e-02 8.795231274505548036e-02 6.338672106717594401e-01
2.564273209971209000e-01 2.089150595350048462e-02 8.862975448140164580e-02 6.340514185679769765e-01
2.584346064814814770e-01 2.057291666666666644e-02 8.661747685185185175e-02 6.343750000000000222e-01
2.591327999537030302e-01 2.138341121833359920e-02 8.590980772291265111e-02 6.335739811050506987e-01
2.587818287037036979e-01 2.183159722222222099e-02 8.627025462962963076e-02 6.331163194444444642e-01
2.583842125061489026e-01 2.094968025695187822e-02 8.667785526201568502e-02 6.339882519748835099e-01
2.577872943763653835e-01 2.180297747363242958e-02 8.725531330025029786e-02 6.331544148497518787e-01
2.585251522736150553e-01 2.047193969820165077e-02 8.651745540300062598e-02 6.344854526251826332e-01
2.584495630534174304e-01 2.021239655072631577e-02 8.659355286764280901e-02 6.347444875282134413e-01
2.591183321517961935e-01 2.151362143549530662e-02 8.593874332672636618e-02 6.334293030859821094e-01
2.593894675925925708e-01 2.094907407407407482e-02 8.566261574074074403e-02 6.339988425925925375e-01
2.593064135765852929e-01 2.126766880307874932e-02 8.573619410003038843e-02 6.336897235203056145e-01
2.601241373323495143e-01 2.340958085565056357e-02 8.489951820825557272e-02 6.315667636037444188e-01
2.579539042493163570e-01 2.032784987774353611e-02 8.708421951184223964e-02 6.346340263610978916e-01
2.603877314814814770e-01 2.242476851851851749e-02 8.466435185185185175e-02 6.325231481481481399e-01
2.593825052808240716e-01 2.099308429063340836e-02 8.566509447611331263e-02 6.339593159524291588e-01
2.584854885847391315e-01 2.102202031308776295e-02 8.656211117219826667e-02 6.339303799299748077e-01
2.588723795193796362e-01 2.074682793443192313e-02 8.617022815723607287e-02 6.342105643889524025e-01
2.590749287460756278e-01 2.125320100117189179e-02 8.596767893054008125e-02 6.337041913222124512e-01
2.620408281369811521e-01 2.103618397256904610e-02 8.301624734154139373e-02 6.339067405489083873e-01
2.577004875649242521e-01 2.151362143549530662e-02 8.734212011169142920e-02 6.334437708878890572e-01
2.586987658964973180e-01 2.094937716112791129e-02 8.634384178011834943e-02 6.340080151622563553e-01
2.627931538361376607e-01 2.142681462405416834e-02 8.226392164238487126e-02 6.335161098974232408e-01
2.607569663474058608e-01 2.135478457131282856e-02 8.429063340953152350e-02 6.335976156717497698e-01
2.612526585355267050e-01 2.106572912597479488e-02 8.379993344618545670e-02 6.338816788923130607e-01
2.607714343586330363e-01 2.015393963945716002e-02 8.427616539830434794e-02 6.347984606036054522e-01
2.613319058435452091e-01 2.096384496303476536e-02 8.371070183307049994e-02 6.339935473603495186e-01
2.607676615691777999e-01 2.029832607531937769e-02 8.427494610743789527e-02 6.346590662480648959e-01
2.617263230996267342e-01 2.126797650394976827e-02 8.330680864608351610e-02 6.336988917503399987e-01
2.613105314177409100e-01 2.083423759711793000e-02 8.372759234341768664e-02 6.341276386417235011e-01
2.614476482588000139e-01 2.128213660498560339e-02 8.359495941781565354e-02 6.336752557183986667e-01
2.640769675925925819e-01 2.167245370370370419e-02 8.097511574074074681e-02 6.332754629629629983e-01
2.630391064685542180e-01 2.081916694396620388e-02 8.200350120806146337e-02 6.341382253794181079e-01
2.600405092592592560e-01 1.966145833333333287e-02 8.501157407407407274e-02 6.352864583333333037e-01
2.622182354813507588e-01 2.060244798749963704e-02 8.282936427558668102e-02 6.343499522555628989e-01
2.612450990321040778e-01 2.058768211345650412e-02 8.379750864451164516e-02 6.343697102099278284e-01
2.600876748795555304e-01 2.073236013252506560e-02 8.495493279706013701e-02 6.342250321908592392e-01
2.627063470246965293e-01 2.081916694396620388e-02 8.233626065191915200e-02 6.341382253794181079e-01
2.631007841662085234e-01 2.035649179663763519e-02 8.193234757950172698e-02 6.346103764576521700e-01
2.633429303085982331e-01 2.055874650964278905e-02 8.169967736801747593e-02 6.343986458137415019e-01
2.624855324074074070e-01 1.947337962962962868e-02 8.256655092592592171e-02 6.354745370370370461e-01
2.631693166857159150e-01 2.025492266959880855e-02 8.187329099089975248e-02 6.347024696537855171e-01
2.649305555555555580e-01 2.128182870370370211e-02 8.012152777777778456e-02 6.336660879629629761e-01
2.630497685185185230e-01 1.995081018518518601e-02 8.200231481481481954e-02 6.349971064814814437e-01
2.619974247312605864e-01 2.068895672680449646e-02 8.304518294535510881e-02 6.342684355965798604e-01
2.624032409751863026e-01 2.009693988280402202e-02 8.263039861101063865e-02 6.348694205309990402e-01
2.634876083276667669e-01 1.986429201811368631e-02 8.155499934894891445e-02 6.350931003052706636e-01
2.637008101851852082e-01 2.019675925925925805e-02 8.135127314814814825e-02 6.347511574074073959e-01
2.629416360427095922e-01 2.005266356086692417e-02 8.210596371422784756e-02 6.348997366821956811e-01
2.645148222630535617e-01 2.031279387722623175e-02 8.054225321546897021e-02 6.346301306442512224e-01
2.642399340268233310e-01 2.019705146197138187e-02 8.080267364979239197e-02 6.347603408614129750e-01
2.644820601851851638e-01 1.987847222222222099e-02 8.057002314814815103e-02 6.350694444444444642e-01
2.656722464156020536e-01 1.940132235709428679e-02 7.937036126101361388e-02 6.355560699662899937e-01
2.638888888888888951e-01 2.037037037037037202e-02 8.116319444444444753e-02 6.345775462962962576e-01
2.660628770670872001e-01 2.080469914205934634e-02 7.899419841143534571e-02 6.341382253794181079e-01
2.634046124019792101e-01 1.976330333632338870e-02 8.164298735495818804e-02 6.351890969067391923e-01
2.657841435185185341e-01 2.024016203703703567e-02 7.926793981481480844e-02 6.347077546296295836e-01
2.658603278403912085e-01 1.976301740476569396e-02 7.918227983622448674e-02 6.351943749186186317e-01
2.648186461030975769e-01 2.058768211345650412e-02 8.022396157351813217e-02 6.343697102099278284e-01
2.645148222630535617e-01 2.011024465053024360e-02 8.052778541356211961e-02 6.348471476728541063e-01
2.641531272153821441e-01 1.967621059332455569e-02 8.088948046123352331e-02 6.352811817300597630e-01
2.657011820194157825e-01 1.947366136662856753e-02 7.934142565719989881e-02 6.354837309567556991e-01
2.661245985126884372e-01 1.963309123527879826e-02 7.890853323302178535e-02 6.353337770190109479e-01
2.638675887612488835e-01 2.005266356086692417e-02 8.116554298446135296e-02 6.349142046934228567e-01
2.629629629629629539e-01 2.018229166666666782e-02 8.208912037037037479e-02 6.347656250000000000e-01
2.656539351851852082e-01 1.992187499999999861e-02 7.939814814814814825e-02 6.350260416666666519e-01
2.647463070935632823e-01 1.876473907319261072e-02 8.031076838495927739e-02 6.361781854482848608e-01
2.672453703703703831e-01 1.911168981481481399e-02 7.780671296296295947e-02 6.358362268518518157e-01
2.669126157407407662e-01 1.967592592592592657e-02 7.813946759259259023e-02 6.352719907407406996e-01
2.655671296296296391e-01 1.941550925925926083e-02 7.948495370370370350e-02 6.355324074074074625e-01
2.666811342592592671e-01 1.874999999999999931e-02 7.837094907407407551e-02 6.361979166666666963e-01
2.660300925925925819e-01 1.941550925925926083e-02 7.902199074074074681e-02 6.355324074074074625e-01
2.660339414632734711e-01 1.899622390370231048e-02 7.900866621334221018e-02 6.359611684196819770e-01
2.673900462962963132e-01 1.929976851851851818e-02 7.766203703703704331e-02 6.356481481481481843e-01
2.658169244346706428e-01 1.932898334756000605e-02 7.924015104385190300e-02 6.356139411739174516e-01
2.668730739738711666e-01 1.943025796090799839e-02 7.816953370274454249e-02 6.355271343624763203e-01
2.662837466361873684e-01 1.906883879741890636e-02 7.876385312075001588e-02 6.358835614456437302e-01
2.678028878150409686e-01 2.006713157209409973e-02 7.724471194189647116e-02 6.348852686709685056e-01
2.672309027777777790e-01 1.893807870370370350e-02 7.782118055555554970e-02 6.360098379629629539e-01
2.678530092592592560e-01 1.996527777777777624e-02 7.719907407407407274e-02 6.349826388888888395e-01
2.671006944444444531e-01 1.934317129629629581e-02 7.795138888888888951e-02 6.356047453703703720e-01
2.689236111111111271e-01 1.947337962962962868e-02 7.612847222222221544e-02 6.354745370370370461e-01
2.677951388888888951e-01 1.870659722222222168e-02 7.725694444444444753e-02 6.362413194444443976e-01
2.669849537037037313e-01 1.895254629629629720e-02 7.806712962962962521e-02 6.359953703703703498e-01
2.670756232005671582e-01 1.914090192277087196e-02 7.796698447604855087e-02 6.358164904006133877e-01
2.684355965798116417e-01 1.928557994183943691e-02 7.662147889871091799e-02 6.356573445796379618e-01
2.685118203651726265e-01 1.918458288723632124e-02 7.655024740299198882e-02 6.357533493445990391e-01
2.670939552649093107e-01 1.818629011256112787e-02 7.793917648080095351e-02 6.367805781417286148e-01
2.679253472222222210e-01 1.831597222222222307e-02 7.712673611111110772e-02 6.366319444444444864e-01
2.663560866923232462e-01 1.808501403397089202e-02 7.870598107584131364e-02 6.368529181978644926e-01
2.689525462962962798e-01 1.870659722222222168e-02 7.609953703703703498e-02 6.362413194444443976e-01
2.666956018518518712e-01 1.857638888888888881e-02 7.835648148148148529e-02 6.363715277777777235e-01
2.683449074074074070e-01 1.825810185185185175e-02 7.670717592592592171e-02 6.366898148148147918e-01
2.681607083435813554e-01 2.006684124480967446e-02 7.689636713494119036e-02 6.348760832766677797e-01
2.695245811510749712e-01 1.765097369715559056e-02 7.553748661708961643e-02 6.372869585346798704e-01
2.714961586874430344e-01 1.906911468958432873e-02 7.355643329426914123e-02 6.358782933287034922e-01
2.701138616010069771e-01 1.888048148844746060e-02 7.492874607560873201e-02 6.360769108349368928e-01
2.686565004774443821e-01 1.847565033710465987e-02 7.640556729072021935e-02 6.364622818947307525e-01
2.707070414791880597e-01 1.863452885603090331e-02 7.435003399933448609e-02 6.363083956654465023e-01
2.697627314814814992e-01 1.859085648148148251e-02 7.528935185185185730e-02 6.363570601851852304e-01
2.692747290904092816e-01 1.782433194924695069e-02 7.576787858620639970e-02 6.371330603741373055e-01
2.707031249999999889e-01 1.940104166666666713e-02 7.434895833333333981e-02 6.355468749999999556e-01
2.695969212072108490e-01 1.864926647183078046e-02 7.543621053849937363e-02 6.363176017824589970e-01
2.681857638888888729e-01 1.744791666666666713e-02 7.686631944444444198e-02 6.374999999999999556e-01
2.703164108277029687e-01 1.859112545031033417e-02 7.474066465081960486e-02 6.363517990711671235e-01
2.693470680999435762e-01 1.853325424268290750e-02 7.569553957667211896e-02 6.364241380807014181e-01
2.705295138888889062e-01 1.890914351851851957e-02 7.452256944444445030e-02 6.360387731481481621e-01
2.697627314814814992e-01 1.809895833333333495e-02 7.528935185185185730e-02 6.368489583333333259e-01
2.721498842592592338e-01 1.971932870370370419e-02 7.290219907407406719e-02 6.352285879629629983e-01
