2.737847222222222210e-01 1.918402777777777901e-02 7.119502314814814270e-02 6.358362268518518157e-01
2.745225694444444198e-01 1.942997685185185106e-02 7.045717592592593004e-02 6.355902777777777679e-01
2.745949074074073848e-01 1.893807870370370350e-02 7.038483796296296502e-02 6.360821759259259744e-01
2.741319444444444420e-01 1.866319444444444406e-02 7.084780092592592171e-02 6.363570601851852304e-01
2.747724938150146734e-01 1.877920687509946479e-02 7.021224265397357778e-02 6.362360566559123187e-01
2.731665678033536326e-01 1.779539634543323909e-02 7.180370086372776794e-02 6.372343349874853846e-01
2.731955034071673616e-01 1.859112545031033417e-02 7.177476525991406675e-02 6.364386058826082548e-01
2.737268518518518601e-01 1.877893518518518670e-02 7.125289351851851749e-02 6.362413194444443976e-01
2.727864583333333148e-01 1.740451388888888951e-02 7.219328703703703498e-02 6.376157407407407884e-01
2.744437049683150498e-01 1.895309470760149148e-02 7.051708672125929500e-02 6.360861136028241880e-01
2.743529275597158534e-01 1.889494929035431814e-02 7.063180890927241162e-02 6.361203142406574029e-01
2.736006018605593448e-01 1.782433194924695069e-02 7.136966680652208350e-02 6.372053993836716002e-01
2.745410089845050083e-01 1.817155919501150033e-02 7.044372748448328447e-02 6.368437043360002381e-01
2.739188935025101412e-01 1.733242668441383610e-02 7.106584296647809607e-02 6.376828368465978780e-01
2.754669483065437796e-01 1.837410842170748848e-02 6.950332036053762097e-02 6.366556229112111387e-01
2.729390318006886806e-01 1.805607801151653743e-02 7.203622790011285359e-02 6.369686622876818971e-01
2.751815735409010588e-01 1.847565033710465987e-02 6.979368615990046154e-02 6.365490899620938059e-01
2.741319444444444420e-01 1.780960648148148182e-02 7.084780092592592171e-02 6.372106481481480955e-01
2.748593006264558047e-01 1.892388489416802974e-02 7.011096804062558197e-02 6.361058464387505662e-01
2.751302083333333481e-01 1.833043981481481330e-02 6.984953703703704331e-02 6.366898148148147918e-01
2.733072916666666741e-01 1.795428240740740838e-02 7.167245370370370350e-02 6.370659722222222765e-01
2.736689814814814992e-01 1.785300925925925944e-02 7.131076388888889228e-02 6.371672453703703942e-01
2.743055555555555802e-01 1.869212962962962798e-02 7.067418981481481122e-02 6.363281250000000222e-01
2.745410089845050083e-01 1.780986414734009315e-02 7.044372748448328447e-02 6.372053993836716002e-01
2.743568969009519964e-01 1.804161000028936188e-02 7.060389478862236223e-02 6.369975983101362482e-01
2.731376321995399037e-01 1.710094185390413635e-02 7.183263646754148302e-02 6.379287894790144353e-01
2.748303650226421313e-01 1.851878644077605343e-02 7.013990364443929704e-02 6.365109448921425495e-01
2.744147689458606987e-01 1.822969414624265802e-02 7.054602274371364612e-02 6.368095141641829660e-01
2.751302083333333481e-01 1.872106481481481538e-02 6.984953703703704331e-02 6.362991898148148140e-01
2.738610222948827388e-01 1.879367467700632233e-02 7.110924637219867561e-02 6.362360566559123187e-01
2.747724938150146734e-01 1.775199293971266995e-02 7.021224265397357778e-02 6.372632705912990581e-01
2.745160450244509276e-01 1.804161000028936188e-02 7.045921467635059277e-02 6.369831302989090727e-01
2.743634259259259411e-01 1.850405092592592726e-02 7.061631944444445030e-02 6.365162037037036535e-01
2.754380127027300507e-01 1.848985083696234183e-02 6.953225596435133604e-02 6.365398804959562229e-01
2.744502314814814548e-01 1.779513888888888812e-02 7.052951388888889506e-02 6.372251157407406996e-01
2.740740740740740811e-01 1.730324074074074056e-02 7.090567129629629650e-02 6.377170138888889062e-01
2.753327546296296391e-01 1.869212962962962798e-02 6.964699074074073848e-02 6.363281250000000222e-01
2.763390144390752146e-01 1.789692988801759241e-02 6.863624526172631968e-02 6.371278104111808283e-01
2.748527858558675874e-01 1.822995789747819048e-02 7.012746502307681817e-02 6.367897912235773727e-01
2.749316396359900994e-01 1.794007436450180057e-02 7.005309683299816570e-02 6.370751891665099587e-01
2.750618498531517964e-01 1.827283380835949614e-02 6.990841881392960422e-02 6.367568975245591067e-01
2.753841256980815166e-01 1.773778176451865085e-02 6.959113400271998984e-02 6.372869585346798704e-01
2.748882362302695337e-01 1.752050810920297019e-02 7.008203243681188077e-02 6.375092232237156153e-01
2.760850694444444420e-01 1.941550925925926083e-02 6.889467592592592171e-02 6.356047453703703720e-01
2.760062501808501212e-01 1.804161000028936188e-02 6.896900951995138529e-02 6.369831302989090727e-01
2.735282628510250502e-01 1.724561987297269783e-02 7.144200581605636424e-02 6.377841114599458461e-01
2.767216435185185230e-01 1.911168981481481399e-02 6.825810185185185452e-02 6.359085648148148362e-01
2.743634259259259411e-01 1.727430555555555663e-02 7.061631944444445030e-02 6.377459490740741144e-01
2.743634259259259411e-01 1.766493055555555525e-02 7.061631944444445030e-02 6.373553240740740256e-01
2.761140046296296502e-01 1.809895833333333495e-02 6.886574074074074125e-02 6.369212962962963465e-01
2.753512058912889193e-01 1.744816909966868598e-02 6.963353057769933185e-02 6.375670944313430732e-01
2.745370370370370239e-01 1.704282407407407482e-02 7.044270833333333981e-02 6.379774305555555580e-01
2.753222702874752459e-01 1.846091523314862676e-02 6.966246618151304693e-02 6.365543482978630596e-01
2.763165509259259411e-01 1.799768518518518601e-02 6.866319444444445030e-02 6.370225694444444642e-01
2.767939814814814881e-01 1.798321759259259231e-02 6.818576388888888951e-02 6.370370370370370683e-01
2.760995370370370461e-01 1.730324074074074056e-02 6.888020833333333148e-02 6.377170138888889062e-01
2.755208333333333259e-01 1.766493055555555525e-02 6.945891203703703776e-02 6.373553240740740256e-01
2.767296507422089547e-01 1.880841459532972548e-02 6.824560895859255183e-02 6.362163257038687680e-01
2.757273687408671736e-01 1.789667095878123143e-02 6.925736772812106368e-02 6.371185925722304688e-01
2.769531250000000222e-01 1.867766203703703776e-02 6.802662037037036924e-02 6.363425925925926263e-01
2.769426641010431234e-01 1.830176941217320774e-02 6.804207236794514169e-02 6.367134941188384856e-01
2.757233796296296169e-01 1.776620370370370419e-02 6.925636574074074681e-02 6.372540509259259078e-01
2.770294709124842547e-01 1.788220315687437736e-02 6.794079775459714587e-02 6.371475281760442533e-01
2.756510416666666519e-01 1.827256944444444545e-02 6.932870370370369795e-02 6.367476851851852082e-01
2.762442129629629761e-01 1.783854166666666574e-02 6.873553240740740145e-02 6.371817129629629983e-01
2.761259892645803737e-01 1.772357017810379659e-02 6.885426161436404568e-02 6.372961789429517632e-01
2.753946092970094850e-01 1.746263690157554352e-02 6.957565937007190171e-02 6.375670944313430732e-01
2.771162777239253860e-01 1.762178272255096254e-02 6.786845874506286513e-02 6.373934808084608106e-01
2.770704323166849892e-01 1.825915851611783006e-02 6.788587302505931509e-02 6.367845361421378136e-01
2.778581556179287593e-01 1.825863016869701261e-02 6.711710408287277496e-02 6.367661101305014393e-01
2.766822436667197294e-01 1.773752513780581241e-02 6.830249280226854958e-02 6.372777383932058948e-01
2.764941622419305745e-01 1.747710470348240105e-02 6.849057422705767673e-02 6.375381588275292888e-01
2.761653983043491078e-01 1.862033044937642934e-02 6.879539338522526470e-02 6.364188778610492259e-01
2.763100784166208634e-01 1.805607801151653743e-02 6.866518128418067080e-02 6.369686622876818971e-01
2.759877891751906231e-01 1.779539634543323909e-02 6.899694729379765579e-02 6.372198671855785479e-01
2.773766981582488356e-01 1.846091523314862676e-02 6.760803831073944337e-02 6.365543482978630596e-01
2.766967114686265661e-01 1.799794557212922724e-02 6.828802500036169898e-02 6.370173179588825008e-01
2.775253913597037214e-01 1.818629011256112787e-02 6.743540032987065114e-02 6.368529181978644926e-01
2.762876157407407329e-01 1.783854166666666574e-02 6.869212962962963076e-02 6.371817129629629983e-01
2.762811423941665123e-01 1.730374142770334939e-02 6.869411730663503579e-02 6.377209988714951372e-01
2.777817966116408188e-01 1.833070501598692281e-02 6.720293985734747400e-02 6.366845585150248121e-01
2.782013628669396388e-01 1.791113876068808897e-02 6.676890580014178955e-02 6.371185925722304688e-01
2.771452133277391150e-01 1.767965393017838921e-02 6.783952314124915006e-02 6.373356096008333527e-01
2.762442129629629761e-01 1.792534722222222099e-02 6.873553240740740145e-02 6.370949074074073737e-01
2.772464879410870831e-01 1.817155919501150033e-02 6.772378072599430365e-02 6.368581721379070748e-01
2.767336545278296089e-01 1.864953629353125961e-02 6.824659635111478273e-02 6.363702128275243730e-01
2.787551723140136994e-01 1.905437078619173080e-02 6.620561937556063148e-02 6.359848375242339591e-01
2.775912957925805724e-01 1.796978991839805542e-02 6.736500954916371797e-02 6.370739047398575883e-01
2.762297453703703720e-01 1.772280092592592657e-02 6.875000000000000555e-02 6.372974537037037202e-01
2.772714120370370350e-01 1.733217592592592449e-02 6.770833333333332871e-02 6.376880787037036979e-01
2.783315730841013358e-01 1.863452885603090331e-02 6.663869558298007867e-02 6.363952024768876337e-01
2.768807870370370572e-01 1.801215277777777624e-02 6.809895833333333426e-02 6.370081018518518601e-01
2.774594907407407218e-01 1.731770833333333426e-02 6.752025462962962798e-02 6.377025462962963021e-01
2.769571319029499601e-01 1.821496260073206946e-02 6.801313676413142661e-02 6.368147687321865646e-01
2.782013628669396388e-01 1.821496260073206946e-02 6.676890580014178955e-02 6.368147687321865646e-01
2.769715997048568523e-01 1.712987745771784795e-02 6.799866896222457602e-02 6.378998538752007619e-01
2.795613362461841223e-01 1.828730161026635367e-02 6.542340022280414280e-02 6.367279619207454333e-01
2.775028935185185341e-01 1.799768518518518601e-02 6.747685185185185730e-02 6.370225694444444642e-01
2.777319617460248802e-01 1.795506170696066148e-02 6.723382091236598801e-02 6.370791556346484530e-01
2.781105324074074070e-01 1.863425925925926013e-02 6.686921296296295669e-02 6.363859953703703276e-01
2.782407407407407329e-01 1.788194444444444337e-02 6.673900462962963076e-02 6.371383101851851860e-01
2.778067129629629428e-01 1.737557870370370211e-02 6.717303240740740700e-02 6.376446759259258856e-01
2.773188269506213777e-01 1.775199293971266995e-02 6.765144171646002291e-02 6.372777383932058948e-01
2.778541356211750579e-01 1.818602699691835786e-02 6.711613304590632878e-02 6.368437043360002381e-01
2.773726851851852082e-01 1.718750000000000139e-02 6.760706018518518323e-02 6.378327546296296280e-01
2.775318287037036868e-01 1.804108796296296363e-02 6.744791666666666297e-02 6.369791666666666519e-01
2.786209291222384588e-01 1.818602699691835786e-02 6.636380734674980630e-02 6.368292365340934014e-01
2.780092592592592338e-01 1.717303240740740769e-02 6.697048611111111605e-02 6.378472222222222321e-01
2.771267361111111049e-01 1.749131944444444475e-02 6.785300925925925875e-02 6.375289351851851638e-01
2.782592340745670412e-01 1.862006105412404577e-02 6.671103459251435941e-02 6.364096702787945814e-01
2.780832224087042004e-01 1.798425834828404346e-02 6.687308293304010387e-02 6.370594363099716384e-01
2.774490371677830747e-01 1.721668426915898623e-02 6.752123149929831203e-02 6.378130470637596305e-01
2.786747685185185230e-01 1.775173611111111049e-02 6.630497685185185452e-02 6.372685185185185119e-01
2.789207175925925708e-01 1.788194444444444337e-02 6.605902777777777901e-02 6.371383101851851860e-01
2.777343749999999778e-01 1.736111111111111188e-02 6.724537037037037202e-02 6.376591435185184897e-01
2.791666666666666741e-01 1.824363425925925805e-02 6.581307870370370350e-02 6.367766203703704164e-01
2.775109233484765459e-01 1.701438120315981392e-02 6.744986834109782670e-02 6.380248271072658239e-01
2.789536885660961474e-01 1.780986414734009315e-02 6.601658010098525320e-02 6.372198671855785479e-01
2.789536885660961474e-01 1.898175610179545295e-02 6.601658010098525320e-02 6.360479752311231083e-01
2.771701388888888618e-01 1.759259259259259370e-02 6.780960648148148806e-02 6.374276620370370461e-01
2.788339120370370572e-01 1.772280092592592657e-02 6.614583333333333426e-02 6.372974537037037202e-01
2.799374990957623766e-01 1.712987745771784795e-02 6.504723737322588850e-02 6.378853860732939252e-01
2.795572916666666519e-01 1.911168981481481399e-02 6.542245370370369795e-02 6.359085648148148362e-01
2.761429398148148029e-01 1.782407407407407551e-02 6.883680555555556080e-02 6.371961805555556024e-01
2.801979195300857706e-01 1.817155919501150033e-02 6.477234913699561614e-02 6.368581721379070748e-01
2.777938538109844258e-01 1.783957404942415614e-02 6.716245153075987850e-02 6.372041206088315812e-01
2.792430446042332703e-01 1.750604030729611266e-02 6.572722406284813024e-02 6.375236910256224521e-01
2.776515863944790663e-01 1.746263690157554352e-02 6.733315007450918488e-02 6.375526266294362365e-01
2.798009172851830817e-01 1.840357654412084001e-02 6.519380181431486121e-02 6.366017043563811928e-01
2.785670881680604172e-01 1.769437773083712070e-02 6.639370352151392762e-02 6.373448305795885727e-01
2.796232529876443440e-01 1.744842153997511539e-02 6.533753870193002855e-02 6.375907867704505572e-01
2.791996411985127047e-01 1.825836600645263860e-02 6.578509527047556038e-02 6.367568975245591067e-01
2.796006944444444642e-01 1.739004629629629581e-02 6.537905092592592726e-02 6.376302083333332815e-01
2.792245370370370350e-01 1.778067129629629789e-02 6.575520833333332871e-02 6.372395833333333037e-01
2.775752314814814992e-01 1.730324074074074056e-02 6.740451388888889228e-02 6.377170138888889062e-01
2.785879629629629539e-01 1.740451388888888951e-02 6.639178240740740977e-02 6.376157407407407884e-01
2.795717592592592560e-01 1.767939814814814894e-02 6.540798611111110772e-02 6.373408564814815325e-01
2.786024305555555580e-01 1.749131944444444475e-02 6.637731481481481954e-02 6.375289351851851638e-01
2.793692129629629650e-01 1.752025462962962868e-02 6.561053240740741255e-02 6.374999999999999556e-01
2.800677093129240736e-01 1.731795888250698204e-02 6.490255935415732702e-02 6.377117724504116625e-01
2.783315730841013358e-01 1.736136228822755118e-02 6.665316338488692927e-02 6.376539012427842046e-01
2.799809025014829422e-01 1.853325424268290750e-02 6.498936616559845836e-02 6.364964770902357127e-01
2.799374990957623766e-01 1.741923349585497438e-02 6.503276957131902403e-02 6.376104978370635834e-01
2.793836805555555691e-01 1.730324074074074056e-02 6.559606481481480844e-02 6.377170138888889062e-01
2.804583399644092201e-01 1.782433194924695069e-02 6.451192870267220825e-02 6.372053993836716002e-01
2.783790040221071349e-01 1.713012529297722880e-02 6.659625567869441320e-02 6.378946150062212439e-01
2.810370520406834660e-01 1.795454216640865810e-02 6.393321662639794845e-02 6.370751891665099587e-01
2.782737018764739334e-01 1.636308395665446447e-02 6.669656679060750881e-02 6.386666473762641072e-01
2.799270812234150307e-01 1.697097716947828377e-02 6.503371046615932793e-02 6.380682311409473506e-01
2.793692129629629650e-01 1.801215277777777624e-02 6.561053240740741255e-02 6.370081018518518601e-01
2.790219907407407440e-01 1.763599537037037132e-02 6.595775462962963354e-02 6.373842592592592338e-01
2.807870370370370572e-01 1.766493055555555525e-02 6.419270833333333426e-02 6.373553240740740256e-01
2.802083333333333370e-01 1.805555555555555386e-02 6.477141203703704053e-02 6.369646990740740478e-01
2.806134259259259189e-01 1.704282407407407482e-02 6.436631944444444475e-02 6.379774305555555580e-01
2.800862293469139619e-01 1.701438120315981392e-02 6.488903035388755847e-02 6.380103590960386484e-01
2.793645281708481698e-01 1.828862459125502743e-02 6.557282171484793420e-02 6.367740255230488478e-01
2.800491898148148029e-01 1.779513888888888812e-02 6.493055555555556080e-02 6.372251157407406996e-01
2.785734953703703498e-01 1.718750000000000139e-02 6.640625000000000000e-02 6.378327546296296280e-01
2.788789860524336084e-01 1.710168412523872805e-02 6.609178771919671513e-02 6.379275421031309623e-01
2.786683642466506461e-01 1.708672125929569865e-02 6.629242744292369871e-02 6.379524870511299461e-01
2.796955930437802218e-01 1.746288955120229094e-02 6.529413466824850187e-02 6.375473827367690305e-01
2.789785879629629872e-01 1.710069444444444614e-02 6.600115740740740422e-02 6.379195601851851416e-01
2.798755787037037202e-01 1.785300925925925944e-02 6.510416666666667129e-02 6.371672453703703942e-01
2.798072888786006795e-01 1.770858953399210081e-02 6.516297978848073491e-02 6.373211417989265160e-01
2.796047396519046879e-01 1.723115207106584376e-02 6.536552901517672653e-02 6.377985792618527938e-01
2.790364583333333481e-01 1.725983796296296294e-02 6.594328703703704331e-02 6.377604166666667185e-01
2.799415492346422063e-01 1.769437773083712070e-02 6.503371046615932793e-02 6.373303625683613971e-01
2.797534650886889240e-01 1.737608148383923065e-02 6.523626262333979964e-02 6.376341908041320838e-01
2.788773148148148140e-01 1.627604166666666782e-02 6.610243055555554970e-02 6.387442129629629095e-01
2.810307160322351727e-01 1.724611889983650864e-02 6.392059840560208872e-02 6.378025666623261536e-01
2.808055672101737454e-01 1.711540965581099388e-02 6.417916925881450574e-02 6.378998538752007619e-01
2.798900462962962687e-01 1.756365740740740630e-02 6.508969907407406719e-02 6.374565972222222543e-01
2.796006944444444642e-01 1.724537037037036924e-02 6.537905092592592726e-02 6.377748842592592116e-01
2.810474537037037090e-01 1.720196759259259162e-02 6.393229166666666852e-02 6.378182870370370239e-01
2.799479166666666852e-01 1.699942129629629720e-02 6.503182870370370627e-02 6.380208333333333703e-01
2.802083333333333370e-01 1.698495370370370350e-02 6.477141203703704053e-02 6.380353009259259744e-01
2.816881031264920066e-01 1.747710470348240105e-02 6.328216554058942178e-02 6.375526266294362365e-01
2.777343749999999778e-01 1.640625000000000069e-02 6.724537037037037202e-02 6.386140046296295836e-01
2.807146990740740922e-01 1.739004629629629581e-02 6.426504629629629928e-02 6.376302083333332815e-01
2.819878472222221988e-01 1.727430555555555663e-02 6.299189814814815103e-02 6.377459490740741144e-01
2.808304398148148140e-01 1.689814814814814825e-02 6.414930555555554970e-02 6.381221064814814881e-01
2.820023148148148029e-01 1.701388888888888742e-02 6.297743055555556080e-02 6.380063657407407662e-01
2.814751584247229266e-01 1.762203767470123597e-02 6.350010127607859378e-02 6.374027026244972749e-01
2.800098381052966712e-01 1.686945702339443659e-02 6.496043056178474329e-02 6.381602743095241559e-01
2.801400483224583682e-01 1.686945702339443659e-02 6.483022034462304628e-02 6.381602743095241559e-01
2.799913194444444420e-01 1.744791666666666713e-02 6.498842592592592171e-02 6.375723379629629761e-01
2.804004687567817622e-01 1.711540965581099388e-02 6.458426771220648899e-02 6.378998538752007619e-01
2.817997685185185119e-01 1.672453703703703776e-02 6.317997685185185175e-02 6.382957175925926263e-01
2.804687499999999889e-01 1.728877314814814686e-02 6.451099537037037479e-02 6.377314814814815103e-01
2.811921296296296391e-01 1.733217592592592449e-02 6.378761574074073848e-02 6.376880787037036979e-01
2.806857638888888840e-01 1.714409722222222376e-02 6.429398148148147973e-02 6.378761574074074403e-01
2.799953703033897789e-01 1.697073163674242893e-02 6.497489836369160776e-02 6.380589996961761878e-01
2.807228218409097420e-01 1.671055296738910290e-02 6.425243785989177836e-02 6.383141873318093351e-01
2.810596524733423029e-01 1.652270787215880457e-02 6.392059840560208872e-02 6.384970412488968350e-01
2.812685368711931866e-01 1.717328086343841709e-02 6.370173179588825563e-02 6.378564504694801407e-01
2.810619212962963132e-01 1.639178240740740700e-02 6.391782407407407829e-02 6.386284722222221877e-01
2.808304398148148140e-01 1.656539351851851749e-02 6.414930555555554970e-02 6.384548611111111605e-01
2.802228009259259411e-01 1.694155092592592587e-02 6.475694444444445030e-02 6.380787037037036757e-01
2.813449463236783465e-01 1.763650568592841153e-02 6.361584536589599825e-02 6.374027026244972749e-01
2.812644675925926041e-01 1.717303240740740769e-02 6.371527777777777346e-02 6.378472222222222321e-01
